11111111111111111111111111111111111111111111111111111111111111
10000000000000000000000000000000000000000000000000000000000001
10000000000000000000000000000000000000000000000000000000000001
10000020000000000000000000010000000000000000000000000000000001
10000000000000000000000000010000000000000000000000000000000001
1000000000000000000000000001000000000000000000N000000000000001
10000000000000000000000000110000000000000000000000000000000001
10000000000000000000000000110000000000000000000000000000000001
10000000000000000000000000110000000000000000000000000000000001
10000000000000000000000000110000000000000000000000000000000001
11111111111111111000111111111111111111111111111111111111111111
10000000000000000000000000000000000000000000000000000000000001
10000000000000000000000000000000000000000000000000000000000001
10000000000000000000000000000000000000000000000000000000000001
10000000000000000000000000000000000000000000000000000000000001
10000000002000000000000000000000000000000000000000000000000001
10000000000000000000000000000000000000000000000000000000000001
10000000000000000000000000000000000000000000000000000000000001
10000000000000000000000000000000000000000000000000000000000001
10000000000000000000000000000000000000000000000000000000000001
10000000000000000000000000000000000000000000000000000000000001
10000000000000000000000000000000000000000000000000000000000001
11111111111111111111111111111111111111111111111111111111000111
10000000000000000000000000000000000000000000000000000001000111
10000000000000000000000000000000000000000000000000000001000111
10000000000000000000000000000000000000000000000000000001000111
10000000000000000000000000000000000000000000000000000001000111
10000000000000000000000000000000000000000000000000000001000111
10000000000000000000000000000000000000000000000000000001000111
10000000000000000000000000000000000000000000000000000001000111
10000000000000000000000000000000000000000000000000000011001111
10000000000000000000000000000000200000000000000000000010001111
10000000000000000000000000000000000000000000000000000110011111
10000000000000000000000000000000000000000000000000000000011111
10000000000000000011111111111111111111111111111100000000011111
10000000000000000011111111111111111111111111111100000000000001
10000000000000000000000000000000000000000000000000000000000001
10000000000000000000000000000000000000000000000000000000000001
10000000000000000000000000000000000000000000000000000000000001
11111111111111111111111111111111111111111111111111111111111111
